105路 1376 1115 1355 684 3380 3345 3859 4158 1549 
106路 1119 3358 3097 1367 625 1142 919 1354 
107路 3879 2923 1200 262 1464 555 413 1355 3480 2102 1923 2541 1245 2257 656 
108路 744 1509 1036 417 512 1533 2537 4554 2441 3892 706 2950 
109路 287 726 918 2152 668 4821 4505 616 539 1976 404 2081 2912 2163 2155 1359 1385 
111路 312 822 1544 1781 397 1138 315 729 829 882 730 1235 735 382 2690 2692 
112路 3879 2380 1908 1411 122 1427 1914 1103 1549 579 1068 154 799 657 7142 7585 826 796 1787 3205 1351 773 1196 
113路 2715 1714 1445 1636 1970 9228 8119 4171 718 547 1585 262 1464 555 538 871 
114路 2816 2884 2245 4893 4831 1970 652 2451 551 323 728 686 1244 2380 2608 3908 2671 1286 2391 1549 
115路 701 1106 1841 359 1116 1390 619 880 408 705 1298 899 7277 7585 826 796 1787 3205 1351 6172 4148 3487 1234 1406 1222 4152 1273 
117路 2816 2883 1195 416 1220 1219 961 565 3007 1460 1765 1859 3868 5217 544 4479 4480 384 498 1702 1599 3454 1816 1120 
118路 4042 2912 2163 2155 1359 1385 524 3218 1726 1313 1271 600 1684 210 1441 2934 1174 6290 6390 482 586 563 1218 
119路 3782 2440 1355 684 3380 3345 5748 5814 2250 6444 
120路 1068 154 3536 3421 1989 6101 826 796 1211 210 1839 1852 4148 3487 3443 482 550 
121路 786 1189 619 880 408 2002 367 532 4780 5139 1468 861 2616 744 1509 1036 417 1843 1852 4148 3487 3443 958 2919 2114 89 
124路 674 1337 2243 600 3504 4702 3025 3227 1607 2363 2773 587 457 
125路 852 4007 2907 1015 1848 4050 1858 2537 4554 2441 3077 1571 640 1078 
126路 1843 1821 913 1840 547 1596 287 1472 1054 1942 702 1851 844 1094 1723 2458 2595 430 3374 1009 2635 1655 
127路 1677 3162 5918 1872 3480 4866 4831 1710 2451 551 1051 686 1244 1696 955 1719 1041 1782 
131路 900 3296 1208 1176 595 1109 7191 1 1 4320 2108 1752 2995 5600 3933 2931 
133路 1814 1714 1445 1636 1970 652 2451 551 1261 474 1407 1163 725 1318 931 599 2330 1929 1730 
135路 2774 1544 1781 861 2616 722 1594 1036 417 1843 1826 1162 2186 788 3232 3239 
136路 1927 1752 2995 5600 4715 
138路 1976 2455 1117 1383 2155 1359 1385 3742 1726 1313 1271 600 2260 3205 1274 1217 1464 555 413 3267 2419 959 576 723 1575 
141路 4206 1422 2006 1381 1558 1441 2610 2551 1881 871 2830 3345 5748 5666 1781 4048 2013 
142路 5557 5966 4318 3268 
143路 686 1559 970 855 
145路 587 872 953 1701 3557 4061 4780 5606 1624 1385 2429 3504 4702 3025 3227 1607 2363 1857 378 725 906 457 975 583 
147路 819 562 1063 2511 9305 9140 
148路 3442 3487 3602 868 1222 3437 3745 3676 2254 259 833 558 345 3456 3300 2682 1558 1596 9606 1121 1741 2801 1363 1918 539 714 339 
149路 527 305 233 738 895 1317 2641 419 757 911 2898 2100 618 1848 4430 1185 636 1441 2610 2551 5032 3345 5748 5814 2250 3063 1149 1319 
151路 312 822 1544 1781 397 1453 3275 2266 882 730 1235 735 1611 2188 918 1057 573 556 1964 1520 892 1097 1086 
153路 1533 1544 1781 397 1392 3480 2102 1923 4409 4410 1702 656 1362 418 1342 923 1742 778 1487 4140 5839 4372 1539 1541 1603 2774 2518 
155路 3928 3233 2293 
156路 429 685 350 636 270 749 205 1899 
157路 782 4764 4190 1102 
158路 382 9389 2098 1458 2752 2339 1936 678 2414 1083 
159路 296 797 400 8794 8962 668 680 2445 1235 1740 1102 
160路 3079 9121 1231 918 1053 686 
161路 420 1015 4212 648 744 6864 
162路 289 3174 1934 2384 2368 
163路 1858 1388 1200 262 1464 555 413 6288 3233 3102 673 
164路 1055 1261 5556 5783 
165路 1055 1261 1057 7096 6819 
166路 1519 695 379 470 519 659 345 669 918 861 880 1 1964 1520 892 1335 1348 525 2179 4893 4668 3676 1317 1816 681 1517 1650 1321 637 
167路 2362 2389 1663 1702 2922 3757 
168路 4395 532 7277 7600 1389 261 2993 3827 3917 1719 1041 1557 3010 2599 
169路 382 1093 734 3456 1 1009 830 5655 598 2163 2980 988 1823 1081 1878 1027 3900 2023 2090 4585 716 
170路 8165 
171路 3970 4290 1671 960 559 404 1076 1713 581 1015 3338 2615 2304 3474 3246 4123 1785 1325 1332 
172路 420 1194 658 486 1161 1363 2217 
173路 1 2013 2010 2888 1713 
177路 1821 2149 2645 394 1914 678 4807 5148 1247 779 957 783 1210 1203 1163 
178路 1226 1610 1105 8626 392 1523 1197 2962 3336 928 3762 1468 1037 
180路 1821 1219 2654 2605 1030 417 2167 1197 1566 303 1 679 490 947 1079 1274 1637 1520 1594 
181路 2770 822 1544 638 1624 1385 999 1430 2260 3205 1351 6172 4148 1181 2306 3443 1227 868 1222 4152 1273 3745 3676 1243 223 441 1573 4067 
182路 2223 623 3013 2944 1685 179 702 2377 2379 1483 2089 790 495 566 
183路 1359 1184 544 773 1041 3487 3602 868 1222 4152 1273 3745 3676 1317 
186路 420 1015 3338 2046 1859 861 2353 887 9144 1451 1693 1714 2004 414 563 511 
188路 740 562 896 9965 1030 417 645 1523 1053 4061 1222 
190路 9277 9248 379 635 205 762 8886 8664 8924 2895 9825 2375 824 1964 562 456 985 4939 4908 1483 4149 4210 320 463 237 346 4816 5087 374 9162 9368 
191路 7558 7739 1689 1815 371 483 624 1667 1960 5135 1081 1073 931 1084 7540 7617 3556 1686 1693 490 283 9186 9368 
192路 228 203 3970 4308 1464 3320 2695 2980 960 571 5403 5399 2061 1757 2451 755 5088 4971 
193路 1968 2169 351 931 1084 7540 7421 4007 5799 4350 9075 1224 3802 4123 213 228 
194路 4781 5087 374 261 283 3231 3128 1117 2975 2980 2364 2376 3644 3767 1671 1683 1692 2454 851 1388 2289 2297 637 1445 2393 186 
196路 232 890 245 406 205 762 8886 8664 8924 2895 9825 2373 1480 5170 5093 1665 869 
198路 2052 228 237 346 418 101 3970 3933 1126 8886 4435 5797 4019 7261 7559 559 3475 4281 1079 5170 1960 1702 3551 2454 851 1388 293 3461 3468 2459 407 1487 4125 4137 5165 5135 1081 4581 3489 1084 623 3013 2944 1685 179 4038 4123 101 456 346 1769 1624 618 1384 
200路 1290 2317 1161 6683 6788 7256 3904 3813 8496 1748 978 2045 2668 
202路 1280 3874 339 2425 451 2020 2268 2715 1714 1445 1636 1970 652 2451 551 6169 6412 1664 2885 1441 221 412 454 407 1624 2802 
203路 2909 919 1 2876 1775 288 2201 2262 4127 3389 1 4177 2495 2379 2651 2432 1072 907 9048 9090 988 352 2482 1361 1193 332 609 2394 1647 
204路 979 637 4184 4180 938 237 2922 1312 2317 658 1 987 1382 3790 2498 1077 2198 1681 1200 6364 
205路 779 1253 868 1222 3437 3745 3676 1317 2321 2366 1245 
206路 1265 810 911 796 1237 382 7507 1894 1607 
207路 5459 1079 4547 4553 1350 1 390 1677 1363 1 3154 339 524 1614 1292 1225 624 403 463 588 480 1822 
208路 780 420 609 2394 901 1455 4057 7863 3162 3630 1487 1509 1 2091 1195 416 1193 1 494 737 725 1318 931 599 258 1719 3378 545 
209路 921 4033 4000 1730 2378 4954 1291 1830 1219 1710 212 1287 2843 575 2132 3404 2370 5053 5066 1895 1943 429 1088 469 735 1650 1321 637 2495 2446 3650 
210路 1389 1636 3102 1059 4051 1171 1066 371 2122 1159 731 898 2374 4057 1513 5084 5063 600 1131 
211路 1090 429 1088 469 735 1650 1321 637 862 1160 1660 
213路 1741 1823 1517 2179 1255 945 582 197 2001 1194 3226 2422 693 1137 1104 3200 3313 3753 569 485 387 1237 734 
214路 2909 919 1 2876 1775 2091 2262 2136 4474 2417 1214 9184 6379 2720 831 953 419 585 
215路 2956 1752 3102 1059 4051 1171 1066 371 2122 1159 731 330 1455 4057 1513 5084 5078 530 409 632 1719 527 560 991 646 
216路 718 786 390 457 1033 586 2225 2402 3981 3537 1423 3256 3140 2868 4394 1665 3623 3481 1089 5499 2582 2895 2089 1261 2841 1 2529 576 444 1237 1415 9606 1121 1741 4837 3859 1349 1223 
217路 6188 2284 1181 3276 2631 1465 441 1573 1660 1575 1075 1829 1716 838 2618 1283 844 997 915 5453 5807 3912 1883 3664 2442 1312 1580 1290 2408 690 3618 3753 935 2266 1842 1721 961 650 603 
218路 271 585 1125 792 3692 5453 2129 234 1011 2450 2183 825 
219路 931 2767 1771 420 374 639 1232 1267 2745 621 1074 1144 4215 1505 875 825 891 
220路 731 670 288 1070 1166 506 542 339 1160 3101 
221路 1024 1043 
222路 734 1 1446 802 1487 3431 3667 1710 1131 1113 2432 1072 907 2331 2555 2446 878 905 1911 1451 2772 347 3459 3477 
224路 221 409 961 325 996 429 1140 3302 2715 1714 413 1346 3071 607 1112 3171 3101 
225路 610 1082 4479 4480 525 592 694 2287 590 540 967 1069 1102 245 463 588 480 1860 1166 780 866 573 718 1603 661 793 234 1011 2450 2183 825 
226路 1879 846 1125 953 466 2113 1189 626 624 903 1096 1906 1713 1077 2198 1681 1200 6364 
227路 1730 3127 707 
228路 221 409 961 325 996 429 987 2280 1741 1823 1517 1333 749 524 7130 7370 1 913 523 2022 1602 429 2034 1974 714 524 247 968 412 
229路 714 339 691 809 590 540 967 1069 1102 245 463 588 1467 973 522 2709 6459 9088 2023 2842 3875 1974 1459 1866 510 1123 
230路 496 804 1000 998 1202 677 321 668 973 618 1224 282 441 735 593 752 2216 2229 212 386 305 218 
231路 1 1079 880 1 1964 1520 892 1097 7935 1348 525 2179 4893 4668 3676 1317 2409 259 833 558 345 1217 2448 1794 2912 1207 2125 1 750 1035 439 4222 6218 
232路 335 141 1270 542 5144 5231 455 265 973 633 1252 4565 4549 
233路 388 1069 1022 1011 517 872 4202 2672 7578 7459 3837 2450 2781 850 2706 
234路 1511 2843 575 2132 3404 2370 5053 5066 587 956 1358 658 495 996 1479 2054 1048 1321 637 2051 878 2815 1451 1798 1355 2352 978 2045 2668 4411 1200 6364 
235路 828 814 1203 238 616 1069 1312 1472 1 1125 1024 393 309 544 866 573 718 1930 1399 1854 2034 1643 575 561 290 471 638 
236路 892 1097 7935 1348 525 2179 4893 4668 3676 1317 2578 1823 1517 1650 1321 637 4184 
237路 3648 8037 1730 2378 4954 1291 4769 4490 1710 212 1287 2843 575 2132 3404 4768 3874 339 2425 451 2020 2268 1741 1823 1517 2179 879 
238路 230 2952 2988 4038 1594 5007 7031 5931 3546 609 1118 1824 1881 812 633 1640 522 809 1000 1026 459 466 2113 1189 790 3313 1489 435 896 1829 1513 2666 608 
239路 1474 2815 3210 2541 1110 618 1224 271 
240路 505 642 1166 1681 684 690 1054 702 1433 3678 2813 1611 1697 
241路 6000 4885 4404 585 1905 5766 5749 2466 471 1574 1822 1212 2658 1679 1 
242路 1632 799 2149 741 1936 1639 763 3981 3537 1423 1388 578 2868 3162 3381 1515 9491 1053 4258 3248 2871 4937 4596 2261 1775 808 436 
243路 1052 624 479 364 4688 4695 391 578 342 4063 3968 376 484 301 564 1172 497 
244路 388 508 562 1022 1011 517 536 514 
245路 4206 778 519 659 345 669 918 7208 9816 2413 1481 1430 1735 2723 4893 4668 3676 1317 1136 1147 1156 3440 1159 863 
246路 3670 284 425 1556 1391 2418 2918 2906 2684 1581 484 
247路 497 1172 864 1831 1608 3775 3221 2692 481 1104 2479 4023 5193 6141 
248路 1925 4041 4000 1730 2948 3285 2743 2212 1525 1586 4769 4490 1710 212 1287 2843 575 2132 3404 2370 5053 5066 1895 1943 429 419 901 340 1116 
249路 897 1967 1130 635 916 4057 3898 443 4422 4436 6644 2840 3075 522 2076 1063 752 289 563 979 868 1299 
250路 8768 8751 693 
251路 897 1967 1130 635 916 4094 1410 1736 1246 803 1062 836 542 429 
253路 2687 1360 1168 1384 1346 3254 3219 1185 1238 2357 1684 1527 1075 1829 1716 810 1745 484 
254路 3265 3321 1082 3519 5143 4764 
255路 824 440 517 523 451 1271 
256路 604 897 667 1128 924 613 600 802 516 1561 
257路 3926 1362 1664 1652 1805 734 795 806 899 5083 
258路 3153 1388 734 2088 689 767 662 456 3664 
259路 1950 389 2535 1123 856 4562 3248 2871 4937 4596 2919 1900 3823 1474 6796 6805 2541 1110 618 1494 
260路 790 931 2767 1256 780 420 374 639 1 5338 5182 
262路 2482 1696 332 374 639 1232 1267 2745 621 1074 1144 4215 1505 875 825 759 887 122 1427 1914 4037 4158 1549 242 317 
263路 912 865 4191 4275 706 383 5775 5676 460 646 702 326 357 299 461 660 985 3800 812 1 484 
264路 482 1066 3897 3526 1757 1 2580 1329 569 2114 2242 
265路 388 508 562 987 341 964 288 5721 5891 
266路 2166 2336 2558 1588 429 2034 1686 
267路 1915 3440 1159 863 1 1935 370 271 242 384 
268路 734 1446 802 1487 3431 3667 1710 532 1 916 836 1457 905 1138 3924 4119 1829 1683 6563 978 2567 4968 6401 3262 1145 3742 1726 1313 768 
269路 2687 827 672 1311 1113 800 5162 
270路 1089 865 1060 1174 1181 1433 1222 3437 3745 3676 1317 2762 759 1215 
271路 6009 6098 6644 6772 1737 1699 4061 1214 1246 1447 993 1599 1124 959 
272路 1053 2317 953 2078 1044 992 1719 2866 1191 1214 641 3851 6804 1389 885 
273路 1072 1798 684 690 1054 2109 1044 992 1719 2866 1191 1214 641 2405 1611 1697 
274路 3236 3244 1118 1824 1881 812 633 1640 522 809 1000 1026 733 618 1224 
275路 496 799 636 339 509 666 459 466 2113 392 797 593 752 2216 2229 212 386 305 1687 713 246 296 1096 1906 1713 1077 2198 
276路 2085 1496 2692 481 3363 4023 4436 6644 7058 6780 2816 606 3787 3573 655 1270 
277路 275 1008 1026 548 508 388 5332 2424 366 498 1805 2164 1967 1937 916 4807 4436 6644 4510 817 2681 953 
278路 1974 714 1167 1 1935 1265 626 626 3350 260 614 434 431 497 284 
279路 997 1446 2692 481 4135 4312 385 434 2364 4985 3656 1936 1911 2789 2373 2361 2194 7853 
280路 859 1317 2321 2154 1823 1517 2179 1255 945 582 744 1221 2686 5690 2206 266 4252 4180 865 781 
281路 1 119 3975 985 5889 2699 1127 1720 2767 1771 420 609 851 
282路 806 1283 2936 2308 2202 2707 7648 6499 
283路 1270 1204 3668 3501 8768 3880 2434 7853 
284路 798 961 8544 8091 605 2544 270 4350 3203 
285路 1667 2899 2736 1922 3575 984 9018 9283 1556 6435 651 888 
286路 853 1036 906 1059 9165 9017 923 740 4162 5866 888 
287路 806 1 119 3975 985 5889 2699 1127 2576 2111 878 905 1403 
288路 4206 778 519 659 345 669 918 2693 2413 1334 1714 4807 4436 6644 6772 
289路 158 555 232 703 
290路 3428 4028 1745 2817 1580 4057 3898 443 4422 4486 739 4349 4894 5886 
291路 1629 1899 1053 1556 1799 2945 3891 1877 889 2558 1588 1517 681 639 454 1090 902 2588 2682 
292路 4945 2081 8430 9427 1299 4556 1201 443 4422 4486 739 5936 5886 
293路 2241 1899 1901 537 2090 1965 1526 
295路 1 1563 1212 1179 437 1537 720 655 358 1383 689 481 1104 916 4057 3898 443 4422 4486 885 1240 447 
296路 1201 1826 1186 3023 1298 
297路 718 786 390 457 422 823 2225 1639 763 3981 3537 1423 3256 3140 2162 1052 3209 1515 9491 1053 4258 3248 2871 4894 4465 4596 2919 1 1900 3243 2250 5757 5333 2846 4785 3090 2122 2357 1843 
298路 5869 2424 366 498 1603 874 508 982 1738 1261 1575 1075 1829 1716 838 2519 
299路 1337 1167 1679 2373 5178 1458 1028 610 1082 4479 9543 9457 1510 2173 1829 2207 1745 484 
301路 411 2426 1464 2635 1230 1766 905 1625 1968 1817 582 618 1701 3557 2447 1462 532 3920 2102 1913 
302路 862 2549 1313 2106 854 854 196 385 407 467 547 234 233 294 1027 710 860 309 868 212 661 
303路 507 3046 2608 1692 2454 851 1680 4387 4123 1785 1325 1328 986 2478 584 1379 1373 1558 1439 2341 1698 8500 8901 2530 2018 2238 977 618 1701 3557 2447 2753 
304路 4810 1019 1123 2006 844 1106 2721 2556 7002 7155 1008 1065 2414 505 362 627 706 824 
306路 692 1249 1286 4852 4395 532 
307路 4810 5440 1325 1401 730 1823 1081 309 860 710 1027 294 233 234 547 467 407 385 196 854 854 1926 211 1128 1025 545 1736 840 2288 7730 1054 4020 4038 2281 5392 6595 1038 1 3871 1102 1008 4598 1734 1998 
308路 1434 3338 2088 1335 861 2353 887 1398 1876 340 414 1558 1439 2341 8471 8901 905 1625 2018 4053 1199 1701 3557 4061 3920 2102 1913 
309路 909 876 1155 445 2860 2846 1290 1060 796 988 1823 212 868 309 860 710 1027 294 233 234 547 467 407 385 196 854 854 1926 211 1128 1138 1026 1301 913 
310路 1864 1237 339 610 2391 3065 4603 2461 410 2406 1073 721 1155 445 2880 261 618 795 891 3771 3678 1421 1372 2456 1348 2440 681 709 
312路 4110 2525 4513 1654 1351 5933 2820 3717 3820 7835 6978 3620 2684 9593 3090 
313路 563 1151 1118 716 1409 3837 2450 2781 850 281 2426 1464 2635 8500 8901 905 1625 1968 1817 582 618 1701 3557 2447 1462 532 3920 2102 1913 
314路 2047 7185 1401 652 1483 1081 1878 1095 233 234 547 467 407 385 196 854 854 1926 211 1128 1025 545 7022 3796 3717 2820 5933 1366 1182 9724 3226 5107 5514 2776 6573 
315路 138 920 3096 3117 972 840 377 407 436 3208 3222 252 308 326 654 2616 2661 723 1049 1419 559 1104 3920 2102 1913 
316路 2047 5857 5934 
317路 1117 1039 6922 913 1313 2106 854 854 196 385 407 467 547 234 233 1095 710 860 309 1081 661 754 2996 9593 3090 
318路 627 1933 1086 1272 1332 1556 377 843 3208 3225 308 326 654 2616 2661 723 1049 1384 1608 977 629 2781 3287 1752 3102 1059 1064 1066 371 2122 1159 1061 1455 
319路 1941 3492 410 2406 1073 618 2426 1464 2635 8500 8901 905 1625 1968 1817 582 618 1701 3557 4061 7277 7585 826 796 1787 3205 1441 2934 
320路 138 920 3096 3117 972 840 377 407 436 1219 252 308 326 654 2616 2661 494 1335 1861 715 1792 734 4037 841 1009 830 3625 8581 8585 832 501 909 939 
321路 679 840 377 407 436 3208 3222 252 308 326 654 2616 2661 723 1049 1419 559 1104 3920 2102 1913 
322路 524 887 122 1427 3742 4158 1477 791 3092 3736 974 836 33 2814 1125 950 2288 1939 1666 
323路 294 460 1441 2713 2258 5032 3345 5748 5814 2250 3352 2006 844 1106 2721 2556 650 786 1008 1065 3166 1676 505 362 627 706 824 325 911 794 3664 515 
325路 4537 273 406 33 5210 5459 1079 4547 4553 855 544 4479 4480 384 498 1805 2666 2122 1738 3752 847 791 1159 1302 
326路 528 327 203 340 435 468 314 260 1558 1439 2029 2840 2854 1193 2144 1055 
327路 1464 3240 2150 3020 796 988 1823 1081 309 860 710 1027 2661 2090 4002 4232 260 1561 716 
330路 1 602 597 909 876 1155 445 650 756 7331 7328 478 1 724 2983 2978 
331路 446 693 9332 9369 742 685 1217 571 381 654 367 849 1 
334路 5652 582 704 799 613 1164 602 2084 
335路 3019 3008 429 3428 1930 8229 8501 
337路 1526 8334 8250 
338路 627 920 3096 3117 325 911 1420 851 3133 1634 3222 2711 2354 1447 1494 774 1104 4780 5606 1898 1111 999 730 
339路 984 1026 1301 249 639 1003 9937 8722 
340路 576 724 1338 1941 316 571 1098 863 1096 885 626 6111 4412 2178 2563 1041 3093 2334 2358 1523 371 483 624 1667 1685 1046 631 
341路 2596 1 1658 905 1911 1451 1558 3267 3308 978 2045 2668 3556 714 339 610 2391 3065 4603 2461 410 2406 1073 618 2426 1464 
342路 401 1125 1013 1054 208 5378 1541 2189 410 2406 1073 618 657 
343路 2839 2846 2197 554 501 239 847 
344路 855 451 1100 578 2295 1283 534 7031 5931 1 3546 609 2675 3667 1824 1881 812 633 1640 522 809 1000 1377 937 633 618 1547 136 195 
345路 3001 382 1093 9574 392 1636 449 1854 1868 3084 8571 9302 718 679 3163 
347路 2011 351 625 1312 967 9003 9120 2616 2661 723 1049 1384 1226 553 629 2929 
348路 4810 1444 382 1093 734 4037 841 739 271 830 2664 962 8581 8585 832 501 909 876 1155 445 2880 261 618 795 891 3582 
349路 576 1 724 1338 1941 3492 410 2406 1073 618 2426 1464 2635 1230 1766 905 1625 1968 1817 582 618 1701 3557 2447 2753 
350路 418 128 786 888 156 421 762 880 408 705 937 361 436 238 408 
352路 1234 1 1418 562 844 1106 2721 2556 
353路 1054 1320 1007 402 1543 3373 2201 1998 356 623 
354路 4206 1422 2006 3427 1919 8770 1099 972 840 377 407 436 3208 3222 252 308 326 654 2616 2698 357 1049 1384 987 493 2150 2605 883 626 856 
355路 1001 345 1402 438 610 3702 2293 2303 5001 
356路 1 1313 1092 1138 1374 2201 1998 356 623 
357路 728 1634 5605 4719 979 499 1164 1109 1374 2201 1998 356 623 
358路 1050 715 1310 1546 1815 2263 3709 2688 1197 1443 1 3134 1755 1680 1261 891 1327 1326 1424 4220 4596 1523 371 483 624 3344 2703 869 
359路 599 856 577 1374 2201 1998 356 705 1298 1 674 408 
360路 567 1442 1538 666 698 738 640 1541 2189 410 2406 1073 618 
361路 513 1013 281 652 1058 5746 5784 1278 3920 2102 1913 
362路 339 2662 1 287 2364 855 1098 1223 880 408 705 1298 
363路 1269 3892 408 1401 
364路 5049 531 939 890 1323 5885 4333 1387 3351 2958 2227 1382 4972 4519 652 845 972 
365路 644 1 979 1092 1138 685 315 912 667 2118 1998 654 408 937 361 436 238 408 
366路 511 400 1 721 316 396 680 603 671 550 
367路 359 318 445 442 412 710 308 450 370 1303 363 1095 587 5492 7214 557 8187 8263 690 
369路 1233 1 2952 2982 2144 1098 863 1096 885 626 6111 4412 2178 2563 1041 3093 2334 3362 3468 
370路 888 411 275 483 2738 1230 465 1774 159 1740 3341 
371路 843 452 407 736 695 380 1562 1319 1548 1490 1445 967 865 402 649 
372路 577 345 281 303 912 651 5746 5782 356 721 705 1269 532 3920 1612 3552 2013 
373路 1398 978 921 1 4050 325 911 794 1 1752 585 2519 3136 3379 1467 2025 939 1593 846 908 1419 846 1949 1212 1200 3258 492 639 577 513 872 868 
375路 1475 1 955 356 721 2106 1490 1487 1274 1857 2274 254 718 616 413 275 1747 1738 894 1442 931 810 1933 1086 550 
376路 2175 702 1617 640 1078 2725 1027 844 1106 2721 2556 7002 7155 1008 1065 2623 2608 362 627 1634 3105 3102 810 2775 1302 550 
377路 1295 3324 3951 7328 2616 2710 1335 
378路 1134 754 1558 1439 2341 554 501 1012 
379路 226 1637 470 2253 1628 1026 1301 913 
381路 368 627 407 736 1571 640 1376 2950 
382路 4576 772 1278 3920 1612 3552 2013 
383路 908 1029 7682 1217 227 854 1551 1236 
384路 3614 2428 1027 844 2831 2556 2535 970 1001 1396 1392 1376 
385路 356 456 707 5007 1286 1187 667 271 610 438 1384 567 824 
386路 9319 392 4549 7906 6487 7558 5032 4720 4352 620 1197 1015 177 4472 2734 2574 6361 1 
387路 2635 2653 1184 1665 585 1010 3338 2046 1859 
388路 1063 5138 4295 5147 4720 5032 7456 6587 8127 4282 1523 9563 
389路 1295 2264 1728 
390路 401 2745 4734 
391路 1936 5671 5085 5595 1889 
392路 1196 28 3083 3113 7166 915 7554 3434 6809 
393路 5218 1314 773 2789 2777 717 3919 558 993 553 9891 1421 1372 3465 3476 1523 371 483 624 1021 1985 
398路 382 8626 392 1636 449 3324 1 1399 1576 629 
400路 731 1705 658 1491 989 1998 1588 971 
401路 1557 3840 545 1290 2800 3908 2620 1338 2391 1549 241 
402路 1529 2788 704 675 1933 2772 881 2731 1 3591 3112 
403路 2373 5178 1458 742 895 1034 390 1677 1363 2053 417 388 508 562 987 
404路 2424 366 498 1805 2426 241 974 881 2731 2640 3248 3112 
407路 2375 1696 409 252 2376 2396 771 1180 1293 1220 434 
408路 8257 933 1038 470 346 296 344 1088 1119 
409路 2687 1360 965 576 789 1437 306 1369 425 578 
410路 4251 3665 834 1356 
411路 5753 689 2495 2045 2668 1039 1206 1742 2239 1041 3218 1726 2583 600 3504 4702 3025 3696 2363 1857 797 5952 6059 
412路 2292 743 4570 4527 4717 792 1389 261 1738 210 1 
416路 1509 2082 2151 417 512 1562 2717 1140 1467 1366 2373 5178 1458 1588 785 539 496 390 1677 1363 2053 404 714 339 610 2391 3065 1338 1014 2461 410 2406 1073 618 657 
418路 1127 1288 694 295 784 662 927 180 1917 2258 2281 1739 2663 2640 3248 1904 1455 4057 
419路 386 305 2048 296 1096 1906 1713 1077 3001 1 287 2869 2237 1933 948 4559 4527 4717 792 3025 1468 397 1453 3275 2266 882 477 
420路 907 738 640 1541 2014 1444 2079 3342 1034 4931 1077 2198 1681 1200 3504 419 1127 7045 6820 295 928 
421路 1376 1057 1138 2006 1687 1441 2711 1919 5032 3345 3794 1624 1385 2429 1373 2373 5178 1458 742 1529 2788 704 491 2125 1 750 2763 2352 978 2045 2668 
422路 259 454 380 558 345 2891 1348 902 505 
423路 1255 583 3622 3545 266 4675 6247 3106 496 253 562 172 
425路 309 374 765 802 1487 3359 3362 1710 532 1 916 836 1867 3330 2673 2815 3282 1207 1090 1350 478 
426路 1621 752 1286 1262 846 1703 1710 939 890 1687 1151 5537 4333 1363 2053 404 714 339 691 1252 1354 1816 1491 1031 1791 1571 1211 558 3435 1289 900 1509 2320 2159 
427路 2909 919 3002 1044 1775 288 2201 2262 2136 3565 1789 3387 1576 836 1457 1126 1452 905 1911 1451 
428路 1179 3154 339 691 1252 4052 3942 1491 1182 584 1159 1571 697 685 4148 1 4044 3753 569 
431路 4117 1116 1849 731 1111 363 399 1570 
432路 321 263 209 287 325 2082 3660 2510 1680 
433路 395 194 422 823 2400 79 1027 828 1155 742 968 441 826 161 496 253 562 172 
434路 562 577 7198 7220 818 9457 1312 1345 3090 2419 3708 3062 784 1912 
435路 562 172 407 7198 7220 750 1008 612 2327 1977 3546 
437路 2183 1308 1474 1842 1659 361 332 
438路 422 433 5261 6328 1027 1533 1728 1396 715 
439路 1394 1555 684 3380 3345 5748 7257 
440路 791 1906 3124 745 995 
441路 6837 4885 4404 585 1905 6644 6772 1471 507 1153 
445路 3235 1763 1614 1354 1740 
449路 990 593 884 327 914 
450路 746 875 541 424 544 480 1940 309 544 866 859 886 2763 4133 4122 129 326 
451路 335 1419 1417 1610 409 3664 2962 953 466 1485 
452路 567 272 1125 953 466 2113 1189 593 728 359 2618 2159 704 2480 2563 2825 4840 3859 595 3269 3276 2414 803 706 808 1179 
453路 5504 4714 1519 2075 1994 
454路 859 1317 1147 1310 655 529 558 345 3456 3300 2682 1558 1596 2352 978 2045 2668 3153 1179 3154 339 4993 5061 906 987 
455路 5504 4714 1519 2075 1562 1523 
456路 848 1741 1823 1517 1650 851 471 637 4184 4180 938 237 964 905 1365 201 704 1387 1203 238 616 1069 1312 1660 
460路 426 398 843 359 9043 9007 1034 1559 3681 2942 3224 915 2648 2265 1977 1153 
461路 807 1581 2638 7210 7555 294 937 793 3714 3661 544 417 1843 1826 2909 1140 2608 1373 1763 1286 2391 1549 
462路 451 2020 2937 681 639 454 711 938 1 345 1217 2448 2682 1 3184 2163 2155 1359 1385 3742 1726 1313 3303 2620 1338 1515 598 941 
464路 953 1701 3146 1868 944 5671 5463 1742 1 361 4663 3585 2398 1 1117 591 1686 881 2731 2681 332 374 639 919 1814 
465路 1045 680 772 414 491 2260 3205 1351 773 913 382 866 1135 918 7208 9816 2445 
466路 312 1111 446 680 772 908 2373 5178 1458 1028 610 1082 4479 3585 2958 2763 1672 1617 7635 7924 3454 1816 1120 
467路 1107 2842 1729 1529 2788 704 655 1952 2772 881 2731 2681 332 374 639 919 1455 4057 1513 5084 5078 530 4768 
469路 1469 1728 373 4894 2424 366 498 1805 2666 2122 1738 2826 901 1724 1791 
471路 337 1443 2198 1681 2089 5283 1742 2239 1041 538 662 927 180 4453 461 625 1142 1847 1826 317 334 750 865 1243 911 1361 
472路 2452 1823 1517 1650 1321 637 2051 878 905 1097 1798 1355 1785 7635 7924 4229 4106 3348 2936 1574 272 1125 651 494 
474路 9434 9493 2081 1 1122 777 439 
475路 2018 2238 1817 582 618 1701 3146 1868 944 5671 4333 1363 1918 539 767 467 691 
476路 271 1111 446 680 772 908 2373 5178 1458 1028 610 1034 390 1677 1363 1918 1394 1200 2806 
477路 1198 670 577 479 1435 967 1069 1312 1072 401 795 635 374 495 1202 1315 
478路 714 339 691 1252 847 1378 796 1522 1791 1571 1211 558 3435 4863 3875 1509 2320 2322 1179 2892 959 2902 
479路 3236 3244 1118 1596 234 1011 2450 2183 825 
482路 4191 3522 1302 3697 1982 1509 2320 2159 2928 
484路 7155 2173 601 2096 1745 2127 2892 
486路 1077 2198 5869 2424 366 498 1702 7635 7924 3454 1816 1491 1182 1587 1571 697 685 1133 1509 2858 2994 1179 1159 754 4460 4777 2895 3233 4295 
488路 432 1463 1835 2704 
489路 1308 201 704 1387 768 434 238 616 1069 1312 875 541 424 261 237 161 1105 273 638 930 755 866 859 886 7710 
491路 2027 2496 2213 214 772 520 520 
492路 520 520 729 382 111 7740 
493路 1659 2176 1123 1621 
494路 619 408 517 3429 3967 1 
495路 853 1036 3802 726 4142 
497路 2168 1071 
498路 468 560 1629 1749 319 4247 4128 909 519 1514 1667 
501路 3743 4110 2867 513 1730 2378 2743 2212 1525 1586 3047 1710 212 1287 2843 575 2132 3404 2370 5053 5066 1895 2371 419 1445 1245 1267 2745 621 4083 4215 1505 875 825 891 
502路 1484 766 629 1483 705 2737 3973 7285 3479 2835 
503路 719 2688 2867 513 1730 2378 4954 1525 1586 3047 1710 212 1853 575 1501 5903 1 4419 2033 1945 6600 3218 1115 8380 2401 3669 745 995 
504路 2424 2668 2426 241 974 3594 3591 3701 2050 441 1573 4067 5084 4898 611 2349 527 1550 633 1252 871 234 296 721 1476 4462 369 1581 1759 3759 
505路 887 1999 797 277 2758 2896 749 826 956 622 1407 876 1326 673 654 979 826 218 379 370 1384 3053 657 1071 
506路 3263 3244 830 726 576 711 582 558 876 1326 673 654 979 826 218 379 370 1384 3053 657 1071 
507路 9644 6635 1397 1695 1400 1168 7081 7233 
508路 193 3097 967 4370 2510 1814 4514 4318 1339 1358 4657 4665 373 1641 
509路 8220 7065 623 3053 1378 370 379 218 1155 1100 
510路 924 1137 6879 6961 850 4854 4801 589 1644 994 550 2063 4037 4215 2153 
512路 223 1936 114 1488 5944 1696 1255 1 
515路 948 537 302 464 629 1483 705 791 6305 6485 760 1457 1118 1456 1221 4966 4888 
516路 338 493 1125 466 1860 1213 1915 2071 8591 5648 9138 8924 869 
517路 493 311 583 530 778 337 570 532 649 413 182 718 1 439 441 7992 
518路 1025 514 6879 6952 534 892 2317 2157 1569 1070 550 2345 2483 509 294 399 698 
520路 1025 514 6879 6920 2326 2157 1569 1070 1 1 994 3975 1626 1812 1580 1460 
521路 676 2613 967 4370 2510 1 1500 1493 9712 1666 1351 5009 1054 781 775 1169 1071 
522路 1613 1275 780 2734 1830 1077 2526 373 1641 
523路 4192 
525路 3161 4052 8440 5427 1351 1279 2273 73 1537 536 2879 
527路 2085 1243 1334 1279 2200 1066 8795 536 6447 
528路 281 1334 1279 2200 1066 8795 536 6447 
533路 1484 302 464 629 1483 705 4928 
535路 1460 1395 2188 3453 5514 
536路 1460 1395 4226 1558 1596 1 
537路 3287 2268 2693 2870 2754 483 1031 4553 1371 2646 749 1189 1413 947 
545路 2472 5819 7664 7196 2306 2885 1064 1071 6700 
546路 2472 5819 8591 7553 5295 1816 3358 2904 3292 3840 515 
547路 2472 5819 8591 1252 871 234 296 3463 1112 571 907 4462 369 2317 
548路 2374 513 1730 2948 3285 2743 2212 1525 1586 4769 4490 1710 7553 1844 3162 5280 1509 1 6251 
549路 2116 962 1011 830 3836 
551路 4619 1191 1214 641 6677 8626 464 1602 1471 694 920 936 1672 
556路 4102 4076 4084 1123 509 2471 2357 550 1070 5480 5507 801 1126 601 613 675 2541 
557路 1235 622 3053 1378 370 379 218 826 993 1133 663 847 876 838 1008 1313 1871 1756 952 4273 2283 1691 1709 
558路 948 537 1395 1483 705 3398 2965 
559路 1000 1497 1533 1342 923 1061 1475 786 4779 6821 5912 7574 7014 3263 4018 1069 830 726 920 1037 903 511 947 
560路 1025 514 665 600 3487 3474 401 443 1502 458 412 917 302 330 485 673 397 760 1824 1889 1118 1456 1221 4966 4888 338 493 1125 763 717 
562路 948 537 302 464 629 1483 705 1029 519 721 2938 2695 559 1078 1067 
563路 1235 1134 1400 1695 1397 6635 9644 1520 2038 1877 2786 5303 3378 1175 1209 1071 8261 1909 4634 4570 4834 1186 564 269 445 2696 2297 338 4943 4866 1025 
565路 338 493 1125 466 1860 1213 1915 2071 8591 5648 9138 8932 1559 3681 2942 3224 915 2648 1689 1550 1 752 1815 
566路 1211 622 3053 1378 749 6431 6462 1133 663 847 876 2119 2722 4250 3629 2896 4945 5253 2153 887 719 2688 2867 513 1730 2378 4954 1291 3047 1710 212 1327 5860 2572 5053 4993 2371 
568路 1520 2038 1877 5703 1149 7080 1629 1465 1399 447 4442 2295 2396 3741 1511 1630 1943 1200 
570路 664 571 622 3053 1378 370 379 218 826 993 1133 663 847 876 838 1008 1313 676 1925 1691 1709 
571路 1693 1709 3370 305 939 894 760 1427 903 511 947 
572路 948 1776 1439 7574 7270 2207 749 1189 1413 947 
573路 809 1256 5864 7574 7270 2406 1691 1709 
575路 1475 786 4779 6821 5912 7574 7270 2406 1691 1709 
576路 1606 1693 1708 1557 749 490 1384 1562 4553 2307 2479 4225 749 3704 2714 277 1055 2153 887 
577路 1606 1601 1557 749 490 1167 1061 
578路 1004 6109 5247 
581路 940 590 272 271 349 4163 5124 4191 4105 1303 1068 8795 2904 2911 1180 1001 345 609 292 382 263 4773 
582路 5597 324 333 416 619 1819 561 1245 9933 4665 509 211 313 720 848 3763 3386 432 298 2907 2914 3710 
583路 431 3602 3584 665 323 187 3484 3006 3603 2172 1502 458 412 917 1206 6338 6421 1692 1958 783 1280 1300 
585路 1287 1286 918 1486 638 270 207 190 415 816 1870 6338 6560 2008 1471 694 710 1246 302 936 712 165 145 382 263 4773 
586路 252 917 302 330 485 164 509 423 513 253 727 1161 6339 6577 590 414 461 3755 3769 694 710 1246 302 798 240 402 203 3733 3356 1091 1069 196 312 211 872 4654 9918 1259 
587路 940 590 272 271 2816 2673 290 9972 9925 1 974 1471 694 710 1246 302 798 240 402 203 3733 3356 1091 1069 196 312 211 872 4654 9918 1245 2045 414 592 323 187 3484 3474 401 
588路 273 320 2873 2198 1368 6338 1 6560 2008 1471 694 710 1246 302 936 712 165 169 312 306 432 298 2907 2914 1078 8761 131 
589路 3557 2904 2911 1180 1001 345 609 292 519 537 302 464 629 1483 705 1029 519 721 2938 2695 559 295 783 818 599 
590路 945 408 945 4648 9918 1245 2045 414 6872 6965 405 3487 3006 3603 1817 1819 1358 4459 1983 632 485 164 782 727 
591路 1287 1286 702 271 2274 2022 6253 6560 2008 1471 694 710 1246 302 936 968 1 306 361 334 1836 1668 224 516 211 872 4654 9918 1259 
592路 334 675 345 609 292 431 2001 1824 665 262 405 3487 3006 3603 1817 1819 
593路 1 5945 1542 1872 5710 998 764 6400 2592 
595路 735 298 2022 2200 1451 1764 1326 1848 3830 4008 1055 
596路 1908 51 496 28 89 88 1638 1686 596 3113 
597路 1908 51 496 28 989 1194 1418 2422 
598路 735 2319 6793 6647 2811 2921 1507 1504 657 2383 1485 1017 3195 
599路 443 760 3025 3220 
601路 735 680 772 414 491 2260 3205 1351 6172 5792 1185 802 1 1623 
602路 503 600 3504 4702 3025 3227 1607 2363 1857 824 2771 2295 
603路 2229 706 2864 9734 2809 2885 4381 2276 1460 2146 2177 677 2169 1514 1485 
604路 294 420 5280 1509 1 2091 1195 416 1220 1221 650 1808 2091 728 686 1664 1185 636 1441 3707 3657 902 2221 2073 555 413 817 621 1406 392 355 
605路 1346 1348 901 350 653 341 1301 1218 528 1384 2091 728 686 1244 1696 2244 2800 1373 
606路 973 948 4559 4527 4717 1470 796 1211 210 1351 773 913 706 2864 1896 1776 702 1008 527 513 476 1676 988 2030 1800 2440 
607路 920 3096 3158 9209 1160 729 829 882 730 802 911 1662 1612 702 1008 527 513 476 1676 988 2030 1962 1477 387 823 199 995 
608路 1686 3570 1895 1284 596 751 400 1584 1128 1773 1789 427 723 1025 2008 1423 1780 1241 1025 
609路 1526 2229 706 2865 1858 1789 427 723 2416 1034 2357 1695 430 629 578 562 
611路 563 826 796 1787 3205 1351 6172 5792 1185 636 1441 1 1352 775 
612路 1519 695 1138 2006 1509 882 1110 988 1696 1420 2608 1373 2535 2671 1286 2391 
613路 1050 846 723 1184 735 1464 2153 2447 2753 
615路 1677 3162 5918 1872 3480 5483 5619 1231 1816 3358 2904 1355 613 545 1290 1659 1366 
616路 1394 8319 3116 995 1081 5053 1189 742 1525 596 740 412 1584 1128 1773 883 
617路 2005 3840 545 1406 1424 1217 3642 3650 2551 3945 2083 412 8441 7868 552 623 
618路 936 463 682 3782 2595 1971 875 2329 5149 619 1038 2422 1365 2907 2862 4050 2380 2362 
619路 1354 913 1593 3177 1078 3116 995 2983 1 1189 2340 2301 797 678 212 380 462 922 2602 2576 851 2461 5931 5854 1233 
620路 936 463 682 3782 2595 430 3374 1009 2318 555 4441 4430 3960 766 1866 4326 3345 5748 5814 2250 6444 
621路 1487 1509 2091 1195 1636 3584 2587 725 1318 931 599 2330 702 1008 527 513 476 1676 988 1723 2458 2595 430 3374 
622路 6766 1362 1828 1273 578 242 564 4819 1696 7706 7852 665 412 1584 1128 1773 1789 427 723 2416 1660 1240 1002 1261 2647 3324 
623路 527 3032 1497 1533 1342 923 675 384 995 695 991 786 4779 6141 2629 2848 5392 
624路 1281 1740 597 948 1342 3978 3100 1656 2604 2641 419 757 2024 2103 1070 565 2779 2782 
625路 626 313 1216 1635 1595 6473 3148 1726 2797 2224 1761 1273 578 1300 
627路 706 2864 1896 1776 1669 1460 959 5085 5278 4201 5839 4231 7758 1539 1541 1603 4230 2722 2518 
629路 1 1357 801 3332 5050 597 490 3374 2809 2885 5160 4313 2093 2177 677 935 1239 506 1889 3796 666 1817 720 1013 370 334 191 250 
630路 505 315 808 888 4050 1696 955 1719 1041 1782 1136 
631路 946 1385 718 547 793 1719 1041 1782 1140 2632 
633路 1999 1816 4394 2199 7038 1592 622 773 4250 3100 1890 738 895 1317 2643 1006 2119 1623 2175 1441 2711 1919 2708 
635路 977 1162 2260 4779 6821 2909 3964 3149 1 
637路 227 655 1970 1077 1749 2509 2084 926 243 718 
638路 435 317 334 239 344 200 352 677 2711 1919 1881 275 710 1175 
640路 4791 4861 1555 294 420 1012 1 
641路 447 303 947 8064 1424 1424 1258 3305 1198 1986 2200 
642路 2809 2885 4381 2276 1460 2146 2177 677 935 1239 506 596 751 400 1584 1128 595 802 4161 3333 3184 906 564 269 445 1598 1685 643 727 708 1124 
643路 601 749 223 501 662 1303 1216 1635 873 
644路 409 212 7705 7684 659 927 389 1087 1297 1592 555 429 
645路 2057 2072 448 584 588 988 1139 
650路 926 3116 1181 632 1116 261 1170 
651路 1086 1 7671 6642 3104 3171 8811 1405 4089 
654路 1818 565 749 359 
655路 1818 436 2382 1428 1882 846 723 1184 584 472 640 
656路 1050 926 587 287 735 1194 2250 1411 697 2071 2154 717 3587 4492 1354 5739 7237 7035 5291 6993 
658路 1818 2630 2993 1063 2120 693 509 1119 2952 1102 
659路 178 978 1560 536 1116 1273 578 805 2782 
660路 1 1281 1 
661路 4044 5155 4816 2636 2660 3750 
662路 4515 985 1680 624 1444 955 1 
663路 3876 2896 
664路 3961 684 5393 5265 449 472 866 407 1078 1094 890 729 8913 8813 515 706 524 2530 
665路 1753 
666路 793 306 3339 3414 
667路 619 2093 464 968 538 1460 959 868 2435 1726 
669路 3118 1162 1303 1216 1635 1461 994 
672路 1349 1355 613 515 1835 919 2200 986 1 912 392 
674路 849 402 5742 5617 911 1131 
675路 2567 471 338 7420 7218 585 1 527 302 
676路 4382 1475 786 4779 6821 1414 1945 455 368 3152 3380 961 410 2287 
677路 399 2750 1610 1466 410 2287 
679路 1865 405 3829 2642 1099 1005 2054 1119 260 709 926 604 1942 924 1025 
680路 809 1256 1265 1495 3060 6971 6238 1564 955 1750 363 755 462 476 1584 1128 595 1013 370 334 191 245 
681路 281 729 2822 6972 1759 1532 2985 2084 1101 1121 4855 4916 176 535 1137 2096 2077 2067 2306 2382 1428 1882 
682路 281 729 2822 6972 1759 1532 2985 2084 1101 1121 4855 4916 176 535 1137 2096 2077 2067 2306 2382 1184 1303 4359 4429 1225 1236 4346 3402 1402 587 287 698 
684路 2637 2645 1884 3400 1540 1539 1685 4084 6240 4423 1925 1789 387 823 199 995 695 991 786 1001 1488 388 488 955 1750 7681 7840 212 665 412 1584 1128 595 1576 1789 427 723 1025 
685路 3417 2642 1099 8422 2777 2754 1686 435 1464 564 269 445 766 348 2067 2131 832 576 1242 
686路 5654 5902 807 1622 2620 1 2613 290 266 521 595 1013 370 1 1182 3279 3181 461 695 484 190 383 445 1341 4074 501 240 
687路 3144 503 5931 5806 2746 2762 1063 2120 732 2504 924 2416 1660 1352 481 1002 2168 338 4943 4866 1025 
688路 467 680 5598 4236 963 2983 2614 2616 845 708 797 678 665 1476 1348 507 888 681 2073 1514 1472 3168 
689路 1513 1475 887 1239 506 596 751 1905 3429 6180 2576 851 2884 643 246 300 381 2770 2754 9062 1062 1 
690路 1290 775 685 2061 1933 176 535 1250 304 382 643 672 803 480 511 1233 5202 3402 1402 723 1184 9561 3785 3244 1336 905 522 329 676 
691路 1290 775 685 2061 1933 176 535 1137 280 348 2067 2306 2382 1428 1882 846 723 1184 1617 838 522 329 676 
692路 1528 1592 3103 5913 1621 2636 2670 2304 9512 9526 595 1137 280 348 1416 1389 832 576 1008 
693路 1050 3184 4767 7442 7412 1595 1563 664 5175 5179 1521 3423 
694路 801 1217 2630 2993 1063 5865 5857 
695路 1528 1592 300 778 2636 2670 2326 9512 9526 595 1250 304 382 643 672 3285 3417 2536 6485 4709 197 
696路 1362 1137 1146 1273 578 242 564 2782 1077 653 665 412 1584 1128 595 802 4161 4270 906 564 269 445 1341 1261 2019 629 3231 
697路 1152 1420 775 685 1325 894 1579 280 348 2067 2306 2382 1428 1632 809 1127 346 587 287 735 1194 2250 1411 697 2071 2604 2612 629 493 623 1428 
698路 22 2648 2654 1232 2592 1713 
802路 2956 1752 3102 1059 1064 1066 371 2122 1159 731 670 288 1070 1166 506 
803路 467 680 5598 4236 536 493 623 261 1170 1342 1520 
805路 392 400 517 319 605 212 1287 2843 575 2132 3404 2370 5053 5066 1895 1943 429 419 1241 288 1070 1166 506 1883 
807路 636 2151 738 983 1553 1053 445 352 2482 1361 1193 332 609 2394 901 1814 2164 715 
808路 2273 980 880 408 705 697 1104 7277 7585 8599 1752 3102 1059 4051 1171 1066 371 2122 1159 1061 1455 4057 1513 5084 5078 530 
809路 401 171 1195 416 1193 1 494 2394 1005 1216 1179 3007 1460 1765 1656 3406 2609 7212 7700 4302 2142 
812路 4816 2636 2660 2801 471 338 7420 7521 1211 1584 1231 4441 4430 3960 766 590 2136 343 1995 722 1594 2082 2151 417 512 1826 
813路 1217 1998 2073 555 413 1355 3480 2102 1923 1 2541 4140 4517 1559 5739 7237 7035 5291 5158 7034 2644 2627 1103 1433 2919 3468 3275 1855 918 961 841 832 918 7893 7904 
814路 666 1061 676 1488 1468 3456 3159 2836 2525 457 401 
815路 1526 6715 4148 1181 2306 3602 634 382 
816路 3704 1692 545 1406 1424 1217 1464 565 498 1 3152 3102 810 1933 
817路 1217 1998 2073 555 413 1355 3480 2102 1923 1 2541 4140 4517 1559 5739 7237 7035 5291 5158 7034 2644 2627 1103 1433 2919 3084 2804 3631 1758 1712 1727 1356 673 704 1313 
818路 499 831 953 466 2113 1189 593 728 359 2618 2119 2749 689 2495 2563 4968 6218 3446 1041 3218 1726 1313 1271 600 2260 3205 1351 773 913 1975 753 3302 3074 3094 
819路 780 1048 851 1578 345 1217 2448 2682 3184 2163 2155 1359 1385 524 3218 1726 1313 1724 1547 3245 3736 974 429 406 33 2814 1125 537 
820路 1469 1728 373 626 287 1802 743 3398 461 625 1142 1638 1464 555 413 2584 959 788 1867 1206 3000 
821路 1740 1724 158 443 5052 5066 1895 1933 2557 3689 861 1445 1636 1710 2451 551 323 1414 852 2085 753 1565 2566 1757 2896 
822路 507 3046 2608 1692 2454 851 1680 3461 3463 2353 887 1398 1876 340 414 1558 1439 2841 2856 650 756 185 1212 1444 2079 3342 1034 4931 1077 2198 1864 1306 
823路 1550 1 1062 571 955 615 580 2912 1207 2125 1 750 1035 439 1741 2801 1363 2469 388 508 562 1834 1030 1008 872 
825路 1045 1354 804 1721 3159 1895 7101 418 968 1571 7880 3565 827 439 1 
826路 4961 2132 4617 7457 3251 3980 970 1363 2167 1310 1152 2462 
827路 718 836 6746 6749 2979 2673 2815 1451 2431 341 347 3459 3477 1282 1 3346 7837 9430 490 
829路 717 362 326 346 386 7668 7636 612 822 887 396 1142 770 327 358 426 645 
832路 3118 1109 710 2019 1100 1290 3431 3854 2616 3797 1482 892 1097 1090 525 2179 4893 4668 3676 1317 
833路 1469 1728 373 1221 1371 595 1074 785 1390 619 880 706 1123 2411 865 1295 715 2580 
835路 1 1357 801 3332 5050 597 468 480 430 3374 1009 2318 555 4441 4430 3960 766 1866 2257 833 2201 401 
836路 636 847 666 1091 633 1224 1684 435 896 1829 1513 2426 404 445 3184 2163 2155 1359 1385 524 579 216 1055 304 3310 
837路 750 597 180 1303 490 
838路 22 2648 2654 1232 4679 4845 1669 4531 4713 4671 3791 3937 5866 6520 897 1037 541 5453 5915 666 1061 676 326 1485 1493 
839路 1011 955 701 2912 2163 2155 1359 1385 895 1034 390 2409 855 156 599 880 1131 382 1179 847 872 868 954 922 
841路 907 738 640 1541 1118 1509 3837 2450 2860 2846 2197 1698 8500 8901 905 1625 2018 2238 1817 582 618 1701 3557 4061 4780 5139 1468 397 1453 729 649 454 407 1624 2802 
842路 1435 773 913 1593 2207 1959 1102 1318 931 856 1719 3548 1730 465 
843路 810 1 397 2379 2651 2432 1072 907 9048 8993 2767 1771 420 609 2394 1241 288 620 506 542 339 1160 3265 
845路 1007 2529 555 4441 4430 3960 766 2727 343 684 924 3275 2266 1352 519 
846路 823 489 774 299 1032 1109 1678 360 557 5936 5679 2804 2803 3630 
851路 595 3435 3431 3545 309 3846 4075 1869 1005 
852路 1635 658 923 626 796 421 1109 710 2019 1100 1290 3428 1152 2616 3018 2981 892 891 525 1435 4866 4668 3676 1317 
853路 772 368 2250 1411 697 2071 2604 2612 629 493 623 261 1170 430 3374 1397 836 1 1 
858路 1 1310 1090 558 345 2588 2682 1558 3267 3308 978 2168 694 4588 1689 2391 3065 4603 2672 7177 1861 724 1338 1 916 
861路 1614 2087 1 2091 1195 416 4543 4632 1346 1437 2684 2697 4050 1696 1550 1217 1998 2073 555 413 2082 1398 
863路 5514 4458 1445 1636 1970 652 2451 551 323 1414 1244 1696 955 1719 1041 
865路 1217 436 2382 1428 1882 846 723 1184 724 1476 1467 2907 1668 2099 1796 1222 3437 3745 3676 1317 5335 
866路 1 2567 471 338 7420 7521 1211 889 694 1231 1936 3960 766 1866 4326 3345 3859 4158 1549 
868路 915 603 2135 1151 958 3240 2689 2677 1094 1107 1872 2866 3724 1793 2079 873 
869路 626 796 701 888 2019 1100 1290 3499 931 856 1719 4695 2643 1054 2439 2107 282 986 1792 
870路 341 347 3459 3477 1282 3346 2326 4453 1219 3109 3227 1607 2363 2235 725 1712 856 1719 4791 293 1384 
871路 1068 154 490 1120 884 796 680 772 908 2373 5178 1458 742 1529 2788 704 675 1933 2939 3346 3335 3390 1388 1281 744 
872路 2635 4893 4831 1970 652 2451 551 6169 6343 686 1244 1858 1258 2362 3822 3352 2006 579 1823 1861 715 2580 
873路 785 573 1337 846 1502 772 629 3645 2373 5178 1458 742 1529 2788 704 655 872 982 982 1738 3011 2413 1769 
875路 1061 1066 6669 6137 5209 461 1358 163 
877路 3287 1593 3177 8197 8855 5659 5861 844 1094 1723 856 1061 1475 786 434 1733 3163 3120 2853 7537 7840 212 676 863 2602 2576 851 3001 2489 
878路 1635 1461 994 626 299 1032 1109 710 1541 2644 2346 4444 2574 1008 527 513 476 2994 1094 1723 856 1061 1475 786 4779 6347 1488 388 488 955 
879路 1635 1 2091 1195 416 700 1 650 1808 6088 6343 686 1244 1696 1550 1217 1998 2073 555 413 3267 2419 2083 986 1792 
880路 1050 846 723 1184 724 1476 1518 2250 1411 697 2071 2604 2612 629 493 623 261 752 8753 2907 3568 2644 2143 1181 2306 
881路 1155 929 822 1544 638 1898 1111 2429 3504 4702 3025 3227 1607 974 1428 2889 2114 89 2635 4893 4668 3676 1317 2762 759 1156 
885路 3745 2644 2627 2681 3631 1068 1112 923 958 1485 569 3433 
886路 1635 658 684 351 796 421 1109 710 1201 944 3435 3482 1229 202 898 1869 1005 1833 2753 4050 1468 563 1223 
888路 3287 9533 1112 923 958 1659 3433 
890路 5340 612 5253 1379 388 
891路 1 1151 1118 897 1444 2079 3342 1034 4382 1252 1354 1816 1491 1182 584 1159 1302 1 397 2379 2651 2432 1072 907 9048 9014 197 
892路 7959 9935 5709 569 3433 
893路 851 213 408 2527 2985 5639 3887 3633 1634 
896路 1050 926 2013 3896 1485 569 3433 
898路 642 429 1444 382 1093 734 3456 739 271 830 8813 8585 1621 1060 704 652 931 1855 1521 493 1372 2456 193 2509 681 421 1473 592 1350 1828 3488 1094 1483 2089 790 506 
901路 1822 2897 1456 4535 5664 7883 1970 2064 3821 3703 606 
911路 405 2026 1256 6327 6281 419 576 3713 1096 2403 8269 1073 3483 3040 468 618 432 430 798 1123 1116 362 1209 855 684 154 325 374 630 385 427 546 334 788 802 1130 1123 
912路 529 6430 6673 3829 1100 1367 6808 6552 2265 1489 1147 7970 9133 1 1125 618 405 6653 6944 2167 2193 1230 1256 1328 1438 340 268 526 286 1152 1158 497 330 1189 1211 691 479 456 
913路 529 6430 6673 3829 1100 1367 6808 6552 2265 1489 1147 7970 9187 3169 542 374 250 463 1267 1032 1479 
914路 405 2026 1256 6327 6281 419 576 3713 1096 2403 8269 1073 3483 3040 468 618 432 430 798 349 709 362 1209 855 684 154 325 
915路 529 6430 6673 3829 1100 1367 6808 6552 2265 1489 1147 7970 1292 8223 6370 403 256 1122 3762 3765 6071 
916路 529 6430 6673 3829 3526 5425 6808 6527 536 1148 660 547 639 736 
917路 957 2124 2208 532 762 503 400 556 5557 3364 2947 4813 1431 1438 4847 4983 721 334 627 460 377 906 732 
918路 957 2124 2208 532 762 503 400 9 1624 365 527 487 612 1167 1358 351 345 693 
919路 957 327 318 308 434 1031 660 776 788 
